0i00czvq,"Graeme Garden",489
hajxdyo5,"Greg Davies",225
zgiug8pp,"Pippa Greenwood",191
e7o1gtcv,"Gyles Brandreth",180
8lu8avar,"Bunny Guinness",157
4leemiza,"Greg Brady",142
z7erbl7l,"Peter Gibbs",128
rlldarrq,"Graham Norton",115
sp0919u8,"David Gower",114
szqj2i5f,"Gary Lineker",113
w4g8xnp5,"Rhod Gilbert",112
yyfb5r5p,"Gino D'Acampo",98
4omd31xd,"Kerry Godliman",80
4hgpp1yz,"Lesley Garrett",76
6ofgtlik,"Gloria Hunniford",72
m5gihwar,"Ed Gamble",71
onmudl5p,"Georgie Thompson",69
2ufl1i4u,"Dave Gorman",67
om2iuo4o,"Gabby Logan",56
bk2xi19y,"Germaine Greer",56
k5okmclt,"Gary O'Reilly",49
3qd06beg,"Shobna Gulati",49
gr0xurn4,"Nick Grimshaw",45
9t9u6aoh,"Ivo Graham",44
01l3hvh0,"Gillian Taylforth",42
v5ud22gw,"Janey Godley",42
kjzneopj,"Guz Khan",40
eyxy68yo,"Mel Giedroyc",39
yzcnla0i,"Geoff Norcott",33
scbacs4v,"Gail Emms",32
bmibqu3h,"Geoffrey Wheeler",28
eldevkqe,"Kate Garraway",28
jae5mrc5,"Gerald Kaufman",27
m114mdiv,"Hannah Gordon",27
efr48bgm,"Ellie Gibson",26
vy1onu55,"Gary Delaney",23
vj2aqy1m,"Greg Proops",22
r9njiv0i,"Krishnan Guru-Murthy",22
s0o4np27,"Gabrielle Drake",21
2q7woora,"Greg Sheridan",21
afnocqlh,"Gemma Collins",20
0bqcr2yg,"Glenn Moore",20
knmi89g6,"Gok Wan",20
cgs4qc8w,"A.C. Grayling",18
vl9196ev,"George Galloway",18
lna9xkc9,"Geraldine Jones",18
43na4nn4,"Gillian Reynolds",18
6jht67f1,"Griff Rhys Jones",17
69x8764f,"Geoff Hoon",16
76r85g0g,"Gina Yashere",16
ejvlgb2l,"Trisha Goddard",16
9adh28pj,"George Brandis",15
67vsv16g,"Graham Hill",15
1h4t1xrp,"Gregg Wallace",15
xvxlztf6,"Jeff Green",15
lim5mmou,"Justine Greening",15
gef3jj7a,"Perry Groves",15
bjtysmgw,"Chris Grayling",14
tidatlv4,"Damian Green",13
yd2npdyx,"Gareth Waugh",13
in5a7oxv,"Grant Shapps",13
8xryrw1t,"Jennie Gow",13
8rnyybhp,"Annabel Goldie",12
zz4xtt8j,"Bonnie Greer",12
yluwzeu8,"Gaby Roslin",12
k4ljie72,"George Robertson",12
wiig4cwi,"Gordon Brown",12
8ev7swzj,"Graham Richardson",12
7lf1rd3h,"Grayson Perry",12
tf9nkz6t,"Greg Hunt",12
fr4v1cne,"Michael Gove",12
buk49f07,"Mo Gilligan",12
2wlzp3mz,"Professor Green",12
vc33r4p1,"Russell Grant",12
owblrpp3,"Teresa Gorman",12
n3r3jexu,"Bobby Gould",11
qv2s2rhk,"Bryan Gould",11
m2nsmyzo,"Fi Glover",11
f4smemcx,"Jason Gardiner",11
1uceio1c,"Sian Gibson",11
d0mtohp9,"Gayle Hunnicutt",10
usva0hyr,"Geoffrey Howe",10
haz10qtl,"Godfrey Smith",10
h63widgu,"Greg Rutherford",10
mkoa1tta,"Julia Goldsworthy",10
sn5wg8yd,"Kirsty Gallacher",10
ror0r2ic,"Monica Grady",10
9mqrgif3,"Tom Gleeson",10
p2eezziq,"Valerie Grove",10
wpqjhrjv,"Angela Gordon",9
60flfsj8,"Gail Porter",9
bhtjjzxw,"Gary Speed",9
do5csj4h,"Gaynor Faye",9
hqdxigmd,"George Osborne",9
wiqek7yz,"Grace Dent",9
t5nxwba2,"Richard Gill",9
ht8iu4qj,"Angela Griffin",8
631jzztm,"Barry Gardiner",8
qcn04i6k,"Boy George",8
or1mwpoj,"Clare Grogan",8
d5pakaaf,"David Gest",8
k8rrlj2r,"Gareth Malone",8
ff58vvej,"Gavin Peacock",8
sa1y26xy,"Gay Search",8
4n9puxbc,"Gemma Cairney",8
lgzji9r8,"Geoffrey Winters",8
wd5hhpv3,"Gethin Jones",8
1n019xum,"Graeme Le Saux",8
p8101an0,"Graham Linehan",8
7y4hhlx3,"Gray Connolly",8
mgsiouix,"Josie Gibson",8
foobttcv,"Lawrence Goldman",8
v9gx1la4,"Leigh Gill",8
net0ohrz,"Liza Goddard",8
6zq865uy,"Max George",8
t78vjvqd,"Amy Gledhill",7
0ov42z95,"Gary Beadle",7
nudw0vz1,"Gemma Craven",7
j4gtc0kx,"George Shelley",7
o9jir3ao,"Georgia May Foote",7
z03ulljx,"Gigi Morley",7
srnjzwhz,"Glenda Jackson",7
u2x4qp63,"Glenys Kinnock",7
pkg8d83q,"Grahame Morris",7
el1fuufx,"Greg Rusedski",7
3339vnlq,"Gwyneth Dunwoody",7
hv1tiwu4,"Jonathan 'J.B.' Gill",7
i1cgnlay,"Jonathan Green",7
mbbaq69m,"Josh Groban",7
xj0ly80i,"Len Goodman",7
jqsxalo1,"Michelle Gayle",7
mew0bg3g,"Peter Garrett",7
6ujlxw8e,"Prunella Gee",7
11ahyksq,"Simon Goldhill",7
nuxigm25,"Susan Greenfield",7
iasmbj5o,"Thom Gibbs",7
5l9cvlll,"Annabel Giles",6
b42bx2y8,"Cheryl Gillan",6
g5vdpbw6,"Craig Gazey",6
cas07k1t,"Dave Green",6
oyn33zh7,"Gabrielle",6
ox4m2kb3,"Gareth Gates",6
3uu1m2he,"Gary Pallister",6
dbbvuhjs,"Gary Rhodes",6
780qxp6u,"George Monbiot",6
kx8ovieb,"George Younger",6
nzak8xkk,"Gideon Coe",6
j1vq8ukz,"Giles Fraser",6
rgwo1xt3,"Greg Dyke",6
v41b7nbp,"Greg James",6
w0z55yp9,"Julia Gillard",6
5ofu9czm,"Katie Grant",6
3nk74d3a,"Matt Goss",6
c918shr7,"Muriel Gray",6
uz656umt,"P.J. Gallagher",6
7tgfhtp7,"Richard E. Grant",6
sl219g4f,"Rosalind Gilmore",6
2ous5ay2,"Sheila Gish",6
fl285sii,"Alexander Gowrie",5
c2f3ohrb,"Andy Goldstein",5
ltnk2jj3,"Ben Goldacre",5
i3bnzexh,"Carrie Grant",5
iak21r1q,"Cassandra Goldie",5
5i4yws7b,"Claire Goose",5
wplv8p7z,"David Grant",5
7tc112i9,"Edward Grimes",5
yho6uq1m,"Gareth Hale",5
i61588e9,"Gemma Jones",5
qx1gm7td,"Geoffrey Dickinson",5
xygtzm23,"Geoffrey Rippon",5
yiu0hess,"Geoffrey Robertson",5
44y40wje,"George Lamb",5
c1awpwyn,"George Young",5
ngfunr64,"Geraldine Doogue",5
cu9um9uh,"Gillian McKeith",5
jns4fill,"Gina Miller",5
o6djnbdn,"Glen Power",5
6w579r1n,"Goldie",5
cwpz71ji,"Gordon Ramsay",5
3c5mn5nt,"Greg Woolf",5
v5dilpsd,"Hannah Gadsby",5
ivw3han6,"Jacqueline Gold",5
l1tmtutp,"John Gribbin",5
knnnnbu6,"John Grimes",5
lwa0lphd,"Michael Gambon",5
9xbydx8d,"Michael Grade",5
vostak5z,"Nitin Ganatra",5
8a10ff4o,"Patrick Garland",5
lnrvsiog,"Pru Goward",5
n1sa4be9,"Richard Gameson",5
jff747q1,"Ricky Gervais",5
d3gqsyax,"Sally Gunnell",5
lk5642kb,"Samantha Giles",5
dlnek6ol,"Sarah Greene",5
gtvej1sd,"Tanni Grey-Thompson",5
swpvsjix,"Trudie Goodwin",5
ubvmucp7,"Victoria Glendinning",5
9pbwop5c,"A.A. Gill",4
oo7xp8de,"Bear Grylls",4
v0x98ygf,"Brian Greene",4
vg9im0f8,"Diarmuid Gavin",4
w139sbis,"Emma Griffin",4
3yi212h9,"Gabriella Cilmi",4
aro0tsoc,"Garret Fitzgerald",4
paqsguxa,"Gary Gillespie",4
1da3xdy2,"Gary Lucy",4
h91ix264,"Gary McAllister",4
9oc7ly4q,"Gavin Laird",4
13lnhyr1,"George Benson",4
dtxhdnx9,"George Walden",4
t0hldzlg,"Georgina Dent",4
4o8e1dcj,"Georgina Downer",4
ukfvnwms,"Gerry Kelly",4
4mkxwzgl,"Giles Coren",4
b9uwkri0,"Gillian Shephard",4
0jat6b57,"Glynis Barber",4
lifi8uxl,"Gordon Jackson",4
mpvft277,"Grace Blakeley",4
n9bpkp5a,"Graeme Hawley",4
9t7jt852,"Graeme Innes",4
n9xuiut4,"Graeme Souness",4
9medbvdk,"Graeme Swann",4
d7482n93,"Greg Clark",4
y5q88hyj,"Gwen Taylor",4
makxfbtb,"Helen Glover",4
j16n220a,"Jacky Gillott",4
xc09sbqe,"Jade Goody",4
dgpt8tdj,"Jane Gilmore",4
h2nnp5bm,"Jason Gardener",4
zykvk9z0,"John Gummer",4
olm3lxd8,"John Guy",4
0rf9jm3m,"Julie Goodyear",4
yghbbotd,"Kevin Garside",4
um7e5i1i,"Loyd Grossman",4
r6ejcc3h,"Loyiso Gola",4
f5nifco5,"Mark Gatiss",4
s3ca579y,"Paul Gambaccini",4
j913kg9w,"Peaches Geldof",4
dwarfjy8,"Prof Lucie Green",4
1c053826,"Robert Gleave",4
ddf29jt9,"Robin George",4
gtv9hetj,"Ruth Gregory",4
u2hczb1o,"Simon Gregson",4
kenmxdzz,"Tom Grennan",4
a4rxsqzd,"Uri Geller",4
bjer6ppj,"Will Greenwood",4
ymz673p8,"Adam Garcia",3
3m5lmsrx,"Ashley Giles",3
cx5m1uqv,"Corinne Grant",3
5gf6io5a,"Darren Gough",3
eycyrwcv,"David Gauke",3
5wpgr8wr,"Dean Gaffney",3
j8onc4ut,"Dr Val Gibson",3
v4cw3pag,"Elizabeth Graham",3
9arbqfwf,"Galen Strawson",3
qyzy4hl5,"Gareth Thomas",3
i4ysi5zn,"Gary Kemp",3
fvb43c28,"Gary Neville",3
3mkiaprf,"Ged Kearney",3
ijccyzxe,"George Clarke",3
43n5nhdl,"George Melly",3
a18k8rwu,"George Pascoe-Watson",3
360vztue,"Georgia Taylor",3
doidad3p,"Georgia Toffolo",3
40pzclof,"Gerald Harper",3
pk55t33m,"Gerald Malone",3
jwnujzvg,"Geraldine Quinn",3
n47xibmx,"Geri Halliwell",3
hwrfiawe,"Gill Nott",3
y8wnmc7m,"Glenn Tilbrook",3
yk79na6i,"Gloria De Piero",3
3rdwdvc7,"Gordon Clough",3
lb5f5k2o,"Gordon Kennedy",3
qxu8lvxh,"Graham Cole",3
p8cm1j79,"Graham Taylor",3
5dgs2ho0,"Greedy Smith",3
2b9yo7wh,"Greg Combet",3
p12hqw4x,"Greg Fleet",3
3xuo844c,"Greig Laidlaw",3
4d07u1nf,"Greta Scacchi",3
0i24qi3k,"Gráinne Maguire",3
w93536uu,"Gwen Watford",3
95k4c8nh,"Gwyn Thomas",3
iuefqh8a,"Janeane Garofalo",3
sh5pf2e1,"Jilly Goolden",3
uuksxavw,"Jo Grimond",3
6wy4ycfh,"John Gordon Sinclair",3
hc9zof7e,"Jordan Gray",3
uerh0dz3,"Laura Grimond",3
pjdwum00,"Lauren Goodger",3
ti73iunt,"Lloyd Griffith",3
dlmpr4pg,"Macy Gray",3
7pkk9a9z,"Nikki Grahame",3
le5i3xty,"Philip Glenister",3
cgkce9eq,"Renee Geyer",3
s45mumae,"Robert Gildea",3
nae8hrk9,"Shay Given",3
1zi4j02g,"Sheryl Gascoigne",3
qi6ulqpx,"Steven Gunn",3
zjto9r61,"Thomas Galbraith",3
7plx7fkd,"Zac Goldsmith",3
27vg14xy,"Aaron Gilbert",2
23f5tpmc,"Aaron Gillies",2
vaatfnfp,"Alan Garner",2
zjj2kget,"Alistair Graham",2
z06o3m9f,"Andrew George",2
0erl3c2d,"Bates Gill",2
9l95ieqv,"Charles Gray",2
1egydbbx,"Chelcee Grimes",2
sw3s9chs,"Chris Geere",2
qb5jqjjz,"Colin Gordon",2
b0z531qp,"Colleen Graffy",2
5v7gnip1,"Dai Greene",2
qlmiduzi,"David Garrett",2
1yo3jb1i,"David Ginola",2
xxbdsg9k,"David Guetta",2
141vuggd,"Davina Galica",2
s765i14b,"Deryck Guyler",2
rcnl3712,"Devin Griffin",2
ty6rzovu,"Dominic Grieve",2
1ouvakui,"Dr Anthony Grayling",2
q7uz0yk1,"Eddy Grant",2
4hexez3c,"Eldon Griffiths",2
sjqmmbwk,"Ellie Goulding",2
5yrpcj1s,"Gabrielle Glaister",2
r6ub1ela,"Gaizka Mendieta",2
dxjcylk2,"Gareth Jones",2
j2591r21,"Gary Barlow",2
42cxwrtk,"Gary Marks",2
ttvlpp98,"Gary Wilmot",2
o5hhhsyo,"Gavin Esler",2
7i5jc3pf,"Gavin Webster",2
yf7vd5l7,"Gay Hamilton",2
4pp853kr,"Gearoid Farrelly",2
e5d5g3c8,"Gemma Atkinson",2
xz1cvzf5,"Gemma Calvert",2
edzc9t4k,"Gemma Gibbons",2
9ny78n77,"Gemma Merna",2
4tapr6wn,"Gemma Whelan",2
v52pxfnl,"Gennaro Contaldo",2
tv15yif0,"Geoff Cousins",2
7n9a8yz5,"Geoff Gallop",2
5y6jtrag,"Geoffrey Boycott",2
pd503zmu,"Geoffrey Pattie",2
bq0y1l5m,"Geordan Murphy",2
kgxjyowg,"George Cole",2
2v2jcqlj,"George Martin",2
iq8jwacf,"George McEncroe",2
4qe4jx7o,"George Michael",2
2enffw8h,"George Wright",2
fubh4tyb,"George the Poet",2
hwwd9gux,"Geraldine McEwan",2
bvsj6k99,"Geraldine Turner",2
3s6lq9dq,"Gerard Henderson",2
by7iskv1,"Gerry Kelly",2
co87t15y,"Gillian Darley",2
ahq1ruck,"Gillian Lynne",2
97mmi9fh,"Gillian Miles",2
wvhh5d12,"Gilly Coman",2
9ugf1551,"Gizzi Erskine",2
qqvqo2n8,"Glen Gregory",2
cr1psboa,"Glen Matlock",2
unp5z6hs,"Glen Smyth",2
6x9u6e1z,"Glenn Hoddle",2
l5zf69hi,"Glenn Wool",2
0ti84j7v,"Glenys Roberts",2
nw4y4ost,"Glynis Johns",2
8e6lcdg5,"Goldie Hawn",2
i86ijdvo,"Gordian Fulde",2
fupufep7,"Graham Gouldman",2
1x895pi9,"Graham Onions",2
rymizsk1,"Grant Nicholas",2
3qvg6ik6,"Guy Noble",2
bmrjth3g,"Guy Rundle",2
iv1hk0jp,"Guy Sebastian",2
ncnkcf5w,"Henry Gee",2
y7u7dqp8,"Howard Goodall",2
z16z3bu9,"Jane Glover",2
nr0v4whi,"Jeremy Guscott",2
n8d9iztn,"Jill Gascoine",2
ollynlls,"John G. Stackhouse Jr.",2
myj06iov,"John Gillingham",2
95zjvtz3,"John Groser",2
txtpo2w8,"Jon Gaunt",2
htskyt25,"Judy Geeson",2
5kxhdkst,"Julie Graham",2
ew5r3y5d,"Katherine Grainger",2
oaoftey5,"Linda Gray",2
cidt4r9q,"Michael Greco",2
ob6slnua,"Mikey Graham",2
09e1mahj,"Monica Gaga",2
u5tldwek,"Natalie Gumede",2
7bca58xj,"Paul Grabowsky",2
gr05bzk0,"Peter Gilmore",2
jg3oys0s,"Peter Greste",2
3808dcs3,"Profesor John Gray",2
hwihw8jw,"Professor Danielle George",2
b29relcj,"Richard Gill",2
o56qp1u1,"Richard Gordon",2
1hi1g75c,"Robin Gibb",2
lgrn3ago,"Robson Green",2
vc123to3,"Ron Goodwin",2
mp9zqu6q,"Sam Gyimah",2
nkmohyt3,"Sandra Gidley",2
kzntjak2,"Sankha Guha",2
qss2tbmk,"Serena Gordon",2
m9ghlbq9,"Shaun Gayle",2
77bk3klq,"Shirley Goodwin",2
avh5323d,"Sir Michael Gambon",2
u5a58ta5,"Stephen Gately",2
n37vsozt,"Stephen Graham",2
zs0apxwq,"Steven Gerrard",2
1voyh27x,"Sue Gerrard",2
88xv6kkc,"Tamsin Greenway",2
pbrf6olr,"Tess Gill",2
rdunermo,"Timothy Gowers",2
q5l0os0j,"Warwick Gould",2
722t30lp,"Will Glasgow",2
ck13oib9,"Zach Galligan",2
4gtu1we1,"Abigail Green",1
zfc1yo9l,"Adam Gemili",1
trhi66lv,"Adam Gillen",1
mpmcqvfo,"Aiden Grimshaw",1
x7u7mle6,"Alison Goldfrapp",1
cz4dcgtj,"Alistair Griffin",1
fyi4og6n,"Andy Garcia",1
oxwiwkvn,"Andy Gilchrist",1
98s7ko2b,"Andy Goode",1
ui6nxyj8,"Andy Gray",1
32of1apu,"Andy Green",1
em43ngcl,"Anila Graham",1
q8qxg8i8,"Anne Gerritsen",1
rtuy108f,"Anne Gildea",1
8o7qiy8v,"Anne Glover",1
du2edjl1,"Anne Goldgar",1
z1pcgmym,"Anne Green",1
ba716uje,"Anne Gregg",1
ylysidel,"Ariana Grande",1
ye15y8ys,"Benjamin Gerard Coyle-Larner",1
y981mgbi,"Bernie Grant",1
swx9w3sc,"Bill Gates",1
kshtv3j4,"Bill Goss",1
qadvogi7,"Bob Geldof",1
kckip70g,"Bobby Gee",1
xk1eqgjh,"Bobby George",1
fc76akfw,"Boothby Graffoe",1
dmg8w0zt,"Brendon Gale",1
yep3a4cb,"Brett Goldstein",1
aby9tqot,"Brian Glover",1
lqiudvpq,"Bruce Guthrie",1
brl1odjj,"CeeLo Green",1
1312i33p,"Charlie George",1
ykjaix9v,"Chris Greener",1
zxgxf1u0,"Christina Gorna",1
nesz8a7y,"Corinne Grant",1
hyfw5ip9,"Craig Gross",1
vhakwd1g,"Damon Gough",1
g1a7bx37,"Damon Green",1
46ipi5am,"Dan Gillespie Sells",1
oz7dr6rt,"Danny Goffey",1
iieq7ag6,"Dave Graney",1
cod2fnah,"David Gazard",1
f6cp7cbd,"David Grummitt",1
2ur51o9w,"Declan Galbraith",1
9sl23zf5,"Deepa Gupta",1
ke5hxij8,"Dhäŋggal Gurruwiwi",1
361zs924,"Dorothy Grace Elder",1
w62lsmie,"Dr Eric Greene",1
7r1j4ar8,"Dr Gabrielle Walker",1
y80mcha1,"Dr Guddi Singh",1
8bjbparo,"Dr Gwen Adshead",1
de0enxfe,"Dr John Gribbin",1
8r3lzgeh,"Dr Lucy Grig",1
q1pmw1vm,"Dr Mark Goldie",1
k3cuxmkw,"Dr Nick Groom",1
29wllokc,"Dr Richard Gameson",1
osb4vvi5,"Duncan Goodhew",1
hmjag9hc,"Edward Gardner",1
a4uwadcy,"Elaine Glover",1
to14im52,"Elinor Goodman",1
kmu18j3n,"Fee Glover",1
5d6o12ej,"Felicity Green",1
i7sg10w3,"Fiona Gilmore",1
il5nal7m,"Fran Godfrey",1
y93c7jpw,"Freddy Gray",1
m1delqp3,"Gabriel Ebulue",1
ejy5tobp,"Gabriele Marcotti",1
eh2s0rz8,"Gabriella Irimia",1
jiy63g7u,"Gabriella Mazzali",1
21uzdzsd,"Gaia Servadio",1
fg6zxwsk,"Gail Dines",1
8fcjnd24,"Gail Kelly",1
1m80rdk3,"Gareth Bale",1
e8e0ys4u,"Gareth Evans",1
mlpd0qft,"Gareth Gwyn",1
sm2264xg,"Gareth Stedman Jones",1
d1wioye9,"Garry Bailey",1
l9m3k4gp,"Garry Bushell",1
scmxjtba,"Garry Kasparov",1
uyf4bhy7,"Gary Adams",1
wt07352l,"Gary Brooker",1
ydn1g3p0,"Gary Eck",1
6pf7h6qe,"Gary Hart",1
0vnis2zb,"Gary Jules",1
1luozv56,"Gary Moore",1
buoadv5t,"Gary Oakley",1
y2gkfz0n,"Gary Stringer",1
bo6vrir1,"Gary Tiedemann",1
1ycv4yak,"Gary Webster",1
qmwqb07j,"Garðar Cortes",1
r7nb9lpf,"Gavin Flood",1
ev4yoegx,"Gavin Hastings",1
9ji6qlhv,"Gavin Henson",1
gujvewtp,"Gavin Stamp",1
bk7g33bz,"Gavin Strang",1
5e0zqat9,"Gavin Wood",1
34003uiq,"Gavino di Vino",1
0nquveyc,"Gay-Yee Westerhoff",1
qceux6zr,"Gaz Beadle",1
w6r4yqe3,"Gaël Clichy",1
qfsrpna1,"Geeth Geeganage",1
yunrl3gf,"Gemma Bissix",1
qgw9yv12,"Gemma Chan",1
nl8ctxya,"Gemma Lloyd",1
jmcrp2c1,"Gemma Ray",1
5ni3t05a,"Gen Fricker",1
2lk5qhck,"Gene Robinson",1
dr7yn5g7,"Gene Simmons",1
e0wg3hcc,"General Sir Michael Rose",1
5qxqgj3i,"Genevieve Lemon",1
aftugh3z,"Geoff 'Coxy' Cox",1
tuqhx4gs,"Geoff Capes",1
7t7ltp0p,"Geoff Hampton",1
v5b2cboy,"Geoff Lawson",1
fxywp6hj,"Geoff Lloyd",1
ntcbtoms,"Geoff Parling",1
g23l29fq,"Geoff Raby",1
z8swa2vo,"Geoff Whiting",1
ft7jh50w,"Geoffery Rush",1
gdv40yk1,"Geoffrey Cantor",1
tem9epdc,"Geoffrey Hayes",1
thyl05z9,"Geoffrey Hughes",1
gzqcatsg,"Geoffrey Mortlake",1
4k9tqmtq,"Geoffrey Palmer",1
pfq78xcf,"Geoffrey Perkins",1
eqknfoq7,"Geoffrey Robinson",1
sphzkf6y,"Geoffrey Rush",1
3ool5kk3,"Geoffrey Thomas",1
jpnnksdr,"George Beccaloni",1
9tnezaoo,"George Bernard",1
tre94191,"George Best",1
m3x082so,"George Brown",1
hzfm3ii9,"George Carey",1
df8o1xp0,"George Carman",1
vv1kmdty,"George Foulkes",1
r7dehqvs,"George Fouracres",1
ywgjt6o9,"George Gheverghese Joseph",1
ei1v64gm,"George Gilbey",1
i4p0xxgw,"George Hamilton",1
oqtr8ls1,"George Kay",1
2ct5aj5j,"George Lane",1
ozfqeh1x,"George Layton",1
5w1mw8tg,"George Megalogenis",1
kohlk2h4,"George Negus",1
9tkzzz7u,"George North",1
4tgtxsf3,"George Pell",1
ssy1idq8,"George Phillips",1
k3ei7nxp,"George Steiner",1
9besa5p8,"George Takei",1
hogm5yy6,"George Thomas",1
yiew1uti,"George Watts",1
9p9lq6kq,"George Wendt",1
kkw5hls3,"Georgia Groome",1
qb2rzgm3,"Georgia Kousoulou",1
jdf0xmhn,"Georgia Moffett",1
nztcz5va,"Georgia Slowe",1
11fx62em,"Georgia South",1
fu5odlhg,"Georgie Parker",1
3fcrhmhy,"Georgie Somerset",1
jv9f46in,"Georgina Bouzova",1
6onn2pca,"Georgina Hermitage",1
9hapnn8o,"Geraint Thomas",1
m3u623su,"Geraldine Brooks",1
6fknu58i,"Gerard Coyne",1
svcywdgp,"Gerard van Gelder",1
9qwxpbn2,"Gerry Adams",1
hi3w5t02,"Gerry Beckley",1
ra3vv5ih,"Gerry Fitt",1
r0mvh6dc,"Gerry Robinson",1
m0bl5jka,"Gerry Stergiopoulos",1
a73cjcoe,"Gershon Portnoi",1
iku8ewux,"Gethin Jenkins",1
jdob8l3e,"Ghada Karmi",1
mc5pks81,"Gianfranco Zola",1
hwzlxj3d,"Gideon Haigh",1
rjwvbrh7,"Giles Long",1
ntdylz48,"Giles Radice",1
featr3s9,"Giles Watling",1
lnh61kma,"Gill Pyrah",1
z9rd8jqz,"Gillian Beer",1
9k7swpjj,"Gillian Hawser",1
d2smkwew,"Gillian Peele",1
nbos88a2,"Gillian Relf",1
lcb865bw,"Gillian Tett",1
ovopw393,"Gillian Triggs",1
q1r9md8l,"Gillian du Charme",1
0x6u6f75,"Gina Castelain",1
7wup252e,"Gina G.",1
oszefncx,"Gina Jeffreys",1
jcw0a8nt,"Gina Riley",1
zwvzzmcw,"Ginette Spanier",1
xc4tzbog,"Giovanni Pernice",1
lhwthui7,"Gisela Stuart",1
inuxyadu,"Glen Wool",1
a7qjdj75,"Glenn Carle",1
6x7broww,"Glenn Carter",1
gdf6brx9,"Glenn Hugill",1
vb65inad,"Glenn McGrath",1
jlcgxbzh,"Glenn Shorrock",1
ccaprvbn,"Glenn Wheatley",1
5ib01b2h,"Glennis Kinnock",1
ibhfnkv1,"GloZell",1
lnty5ryi,"Gloria Gaynor",1
4xs41869,"Godfrey Bloom",1
u022507b,"Godrey Smith",1
nag1cm2p,"Goldie Sayers",1
4ehe8x8e,"Gordon Burns",1
z48yfwo4,"Gordon Flake",1
h326g3qz,"Gordon Greenidge",1
yqyvv1o7,"Gordon Haskell",1
ey9wjddd,"Gordon Honeycombe",1
l3m8577l,"Gordon Reid",1
txm8um97,"Gordon Strachan",1
ua5n1ovv,"Gordon Wilson",1
gppgon6h,"Gore Vidal",1
lcbdwhrh,"Grace Adams-Short",1
49w7hsm3,"Grace Campbell",1
zu7c56yh,"Grace Chatto",1
hni97iyb,"Grace Collier",1
n6eu373x,"Grace Ioppolo",1
rbxmirdb,"Grace Knight",1
6tpu3jy2,"Grace Woodroofe",1
icfiu6ze,"Graeme Clark",1
doi2egz4,"Graeme Sharp",1
mzh294l3,"Graeme Squires",1
f9ec6mjt,"Graeme Stanton",1
ejo3go6f,"Graham Bell",1
mqe4uh7t,"Graham Bradley",1
xvvz11zh,"Graham Coxon",1
2qfj1ag4,"Graham Gooch",1
4uff682s,"Graham Leonard",1
cqmsww3w,"Graham Poll",1
7dpiv1p0,"Graham Rix",1
qpkscv1j,"Graham Robb",1
7fw2n00u,"Graham Thorpe",1
vppxs074,"Graham Walton",1
h5snq1al,"Grahame Bond",1
zp4h14c0,"Grahame Bulfield",1
vbnnnnvm,"Grahame Morris",1
oazwp0xl,"Grainne Maguire",1
usn5rlcb,"Grandmaster Flash",1
c1k09owo,"Greg Behrendt",1
gva5nlr0,"Greg Foxsmith",1
b6vcdyqj,"Greg McHugh",1
gvuykykp,"Greg Oliver",1
rh41mrb0,"Greg Searle",1
ysxx4du1,"Greg Whitby",1
34om9i4e,"Greg Woolfis",1
2ovc28zk,"Gregor Townsend",1
291vyqvi,"Gregory Irvine",1
que7f4u8,"Gregory Kane",1
97t7hjmg,"Gregory Porter",1
maqlwkn7,"Gregory Radick",1
et5cdbet,"Gretel Killeen",1
19awr4bm,"Grigory Karasin",1
hbiroyf8,"Griselda Pollock",1
2imamsbp,"Guillem Balague",1
mc04dzyy,"Guillem Balague",1
ixoihl1h,"Guo Jian",1
f5tntx0h,"Gurbux Singh",1
k2bdch29,"Gurharpal Singh",1
szpky8h1,"Gus Macdonald",1
1gu98t7g,"Guss Brooks",1
841wb0iq,"Gustavo Poyet",1
1w5g58xj,"Guy Garvey",1
mpa2f697,"Guy McKnight",1
a8dzx5lu,"Guy Pearce",1
mjvlg054,"Guy Pratt",1
iopu3f9i,"Gwen Griffith-Dickson",1
y8ty3ziu,"Gwyneth Powell",1
up6msg4h,"Gwynneth Flower",1
sncgegz2,"Helen Graham",1
1gn2enlc,"Hilary Greaves",1
etr7l8jb,"Hugh Grant",1
cstb8g29,"Iain Grandage",1
2xleqfb0,"Iain Gray",1
dqxeohwl,"Ian Gilmore",1
c621rsuc,"Ian Gow",1
jk9oef3w,"Isa Guha",1
ylv6flix,"JB Gill",1
ks8fswv3,"Jacqueline Grey",1
ola94m5k,"James Gibson",1
tyez7q2x,"James Goddard",1
4o3ybr8g,"James Goldsmith",1
zvc0p8hf,"James Guy",1
a9vq357h,"Jane Goldman",1
ngk9jly8,"Jane Goodall",1
4zivzb8v,"Jane Grant",1
bclccr0i,"Jane Green",1
xf7wj5ro,"Janine di Giovanni",1
l8km9bb7,"Jason Gillespie",1
1yxc3sue,"Jay Gardner",1
8gsr6w84,"Jaye Griffiths",1
xiqpk9ns,"Jennifer Gibney",1
gxw30ms2,"Jeremy Greenstock",1
wn65xjrs,"Jesse Griffin",1
kj5m18ix,"Jessica Garlick",1
5aywwudj,"Jimmy 'Five Bellies' Gardner",1
aev8wr5a,"Jimmy Greaves",1
jbyic0ia,"Joanne Guest",1
d6hl5si2,"Joe Goddard",1
dju7y2wb,"Joe Gormley",1
3ixav5c3,"John Gale",1
e1dzq7kc,"John Gaunt",1
ec5n85kz,"John Gordillo",1
lnvbuw3a,"John Grugeon",1
jd1gnwh9,"John Gunnell",1
ft0cp964,"Jon Glover",1
gox8i9x4,"Jonathan Glover",1
eg26jmgp,"Jonathan Guy Lewis",1
uvxsgh9a,"Joseph Gilgun",1
axnszr5c,"Julia Goodman",1
v7wogvnf,"Justin Gatlin",1
d7hevadl,"Karen Lynn Gorney",1
woxnd84y,"Kate Grenville",1
3zk5vbyd,"Kathy Griffin",1
83vhg6bu,"Katie Gallogly-Swan",1
eprm1u0e,"Katy Gallagher",1
ikr03m7x,"Ken Gill",1
0196xjns,"Kevin Gallacher",1
tnbev9c1,"Kim Graham",1
uoi2r2ba,"Krishnan Guru Murthy",1
shr0zirj,"Kurt Gidley",1
fybhmyve,"Lady Gaga",1
hqvfym9k,"Lara Giddings",1
c1uttor6,"Lara Goodridge",1
f2zca1ig,"Les Gock",1
1ih6n47h,"Leslie Ann Goldberg",1
w8cnk5ly,"Lindy Grant",1
h8n80ypa,"Lloyd Griffith",1
8qxzts1g,"Lord Geoffrey Howe",1
0n63dpt8,"Lost Voice Guy",1
w9xecs6z,"Malcolm Gaskill",1
trvzfl6u,"Marina Go",1
itqk60d7,"Marion Gibson",1
i235mph8,"Marion Gluck",1
j69q9kqo,"Mark Goodier",1
nvt2dpgl,"Mark Greengrass",1
jt7hh9zg,"Martin Goodman",1
jhiksyj5,"Martyn Gregory",1
ohcat79z,"Mary Garrison",1
zhe92ejy,"Mary Gauthier",1
28sdh628,"Mary Griffiths",1
r42jhhkr,"Masha Gessen",1
3dlq4x1k,"Mel Gaynor",1
hqarq9r3,"Mel Greig",1
i736v53k,"Michael Gray",1
9pfetbkz,"Michael van Gerwen",1
mgh5p0r9,"Michelle Garnaut",1
25jon86m,"Michelle Gomez",1
orqvqpzz,"Mick Gooda",1
4svumiv7,"Mike Gallacher",1
cb4kq3nm,"Mike Gatting",1
hq846fwm,"Mike Glazer",1
imwan95v,"Mikey Green",1
nsa839id,"Miranda Aldhouse Green",1
ymrutio8,"Miriam Griffin",1
9cp6c0zw,"Mitch Grady",1
t7h43cfn,"Mitchell Grady",1
gx5c3vc5,"Monica Galetti",1
m13s2ln8,"Nadine Gordimer",1
korgq6eb,"Natalie Grace Chua",1
bhjedrlr,"Nia Griffith",1
38smf4j9,"Nicholas Goodison",1
1y9n3k9b,"Nicholas Guyatt",1
6wjsg4r4,"Nick Griffin",1
31jvowse,"Nickolas Grace",1
zyxfwgmc,"Olivia Goldsmith",1
yg7wdj4k,"Olly Grender",1
xobwr8t0,"Paddy Gervers",1
7c6dscbe,"Paul Garner",1
pvyabi90,"Paul Gascoigne",1
h97auro1,"Paul Godfrey",1
drh1s9e2,"Paul Grabowsky",1
2vflvh60,"Paul Grayson",1
l6xftr18,"Peter Ghosh",1
fpgco6op,"Peter Grant",1
jt5aj0pi,"Peter Greste",1
5i6n7xq6,"Phil Greening",1
t74enhuv,"Philip de Glanville",1
oyrzu4yn,"Pierre-Yves Gerbeau",1
w6tv2q3y,"Professor Gerald Edelman",1
olas5uue,"Professor Henry Louis Gates Jr",1
rdp3w5am,"Rachel Grant",1
syzi9w93,"Rachel Griffiths",1
df0ersol,"Raimond Gaita",1
cwiwfdvw,"Raphael Gualazzi",1
sfjid5w8,"Raymond Geuss",1
tj4qarp5,"Regenia Gagnier",1
k772kt1u,"Reuben Gosfield",1
pc242d2n,"Ricci Guarnaccio",1
nn9k8ba9,"Richard E Grant",1
8mleh8fz,"Richard Gombrich",1
4ekkbuhe,"Richard Gottehrer",1
c1dte8ig,"Richard Gregory",1
kap34p8r,"Rob Green",1
vgq61quo,"Rob Guest",1
zuxgie93,"Robbie Grabarz",1
78gu2p9b,"Robert Green",1
jcqol5kl,"Robert Gwilym",1
kn3jejt2,"Roger Gale",1
1sn864nh,"Rory Charles Graham",1
u8dh7k8o,"Ross Garnaut",1
jou0k9bm,"Roxane Gay",1
ny7nlr10,"Roy Gibson",1
8sm933ft,"Ruth Goodman",1
go5d5klo,"Ruud Gullit",1
g6a5k6cr,"Sam Gray",1
2o79fpnc,"Sandy Gutman",1
rn9ena8n,"Sanjeev Gupta",1
lx0a3b6f,"Sarah Green",1
drbzh6qr,"Sarah-Lee Guthrie",1
yglja93a,"Scott Gibbs",1
a3rd49zp,"Shaks Ghosh",1
dyxu5aht,"Shane Geraghty",1
shsc7jiz,"Shane Gould",1
pdio70qg,"Sharon Gless",1
6xgmjlmy,"Sheridan Gilley",1
1slc76r8,"Simon Garfield",1
jl8w5a23,"Simon Glendinning",1
a5kes8de,"Simon Goodwin",1
c7s8fog1,"Simon Greenall",1
8dswmgtr,"Sir Andrew Green",1
ntwak6lp,"Sir George Martin",1
e1mvrrq8,"Sir George Young",1
lg65s6nu,"Slava Grigoryan",1
tb1ojcyv,"Stan Grant",1
vzipm9u1,"Stelios Giannakopoulos",1
rjn70v71,"Stephen Gallacher",1
1c9ngnuu,"Stephen Gates",1
2lh88e9h,"Stephen Gethins",1
kirdj0rn,"Stephen Gill",1
nktnbc59,"Stephen Green",1
kn9gq3a0,"Stephen Jay Gould",1
p5dy8op7,"Steve Gribbin",1
3ka5qdw0,"Stuart Goldsmith",1
w39w1bst,"Tamar Garb",1
i2i37xnz,"Tamsin Greig",1
8rwqn3yy,"Tanya Gold",1
ne3kzguz,"Terry George",1
de2dpa0z,"The Reverend Graham Ward",1
6do83a6z,"Therese Grankvist",1
4yu8bqqw,"Tim Greenshaw",1
qwwk5pnj,"Tom Gray",1
gr8x4ope,"Tony Gregory",1
a49e467t,"Tony Gubba",1
rwt3hhwm,"Trina Gulliver",1
3lpdndav,"Usha Goswami",1
9l9ig60n,"Vickie Gates",1
1lhacs9u,"Vicomte Bernard de la Giraudiere",1
4vtokl59,"Vittorio Grigolo",1
00ruucqh,"Viv Groskop",1
sazv9adb,"Walter Goldsmith",1
6i2le3e9,"Whoopi Goldberg",1
vlipekf9,"Will Gompertz",1
k18rf0b6,"William Gibson",1
lm3gydbz,"Zelda La Grange",1
ud717bpq,"Zerbanoo Gifford",1
